Time,Count
13_21,253
